Agent trajectory file
X [nm]      Y[nm]       Z[nm]
0  0  4.5  
2.90396e-05  4.33638e-05  4.48443  
8.81989e-05  0.000130038  4.4531  
0.000179813  0.000259843  4.40559  
0.000307879  0.000432318  4.34124  
0.000478822  0.00064641  4.2591  
0.000702882  0.000899901  4.17695  
0.000993123  0.0011893  4.09481  
0.00136618  0.00150952  4.01267  
0.00184318  0.00185338  3.93053  
0.00245095  0.00221112  3.84839  
0.00322345  0.00256968  3.76624  
0.00420366  0.00291187  3.6841  
0.00544588  0.00321526  3.60196  
0.00701856  0.00345088  3.51982  
0.00900779  0.00358151  3.43767  
0.0115213  0.0035596  3.35553  
0.0146927  0.00332462  3.27339  
0.0186848  0.00279994  3.19125  
0.0236893  0.0018893  3.1091  
0.0299136  0.000473949  3.02696  
0.0375369  -0.00158593  2.94482  
0.0465831  -0.00443456  2.86268  
0.0565922  -0.00815689  2.78054  
0.0658123  -0.0125809  2.69839  
0.0693754  -0.0167298  2.61625  
0.0559951  -0.0175164  2.53411  
0.0426148  -0.00789207  2.45197  
0.0292345  0.0134553  2.36982  
0.0158543  0.0348027  2.28768  
0.00247398  0.0561501  2.20554  
-0.0109063  0.0774975  2.22286  
-0.0242866  0.0988449  2.30265  
-0.0376669  0.120192  2.31294  
-0.0510472  0.14154  2.23822  
-0.0644274  0.162887  2.17343  
-0.0778077  0.184234  2.17264  
-0.091188  0.205582  2.22175  
-0.104568  0.226929  2.26669  
-0.117949  0.248277  2.2601  
-0.131329  0.269624  2.20012  
-0.144709  0.290971  2.11985  
-0.158089  0.312319  2.05635  
-0.17147  0.319893  2.03208  
-0.18485  0.332925  2.05664  
-0.19823  0.35568  2.11182  
-0.211611  0.378436  2.15516  
-0.239795  0.401192  2.14963  
-0.267995  0.423947  2.088  
-0.277475  0.446703  1.99982  
-0.286955  0.469458  1.91163  
-0.296435  0.492214  1.82377  
-0.305916  0.514969  1.79794  
-0.315396  0.537725  1.85663  
-0.324876  0.560481  1.91532  
-0.334356  0.583236  1.98186  
-0.343837  0.605992  1.97799  
-0.353317  0.628747  1.90653  
-0.362797  0.651503  1.87206  
-0.372277  0.674258  1.93015  
-0.381758  0.697014  2.00195  
-0.391238  0.71977  2.0743  
-0.400718  0.742525  1.99466  
-0.410198  0.765281  1.91503  
-0.419678  0.788036  1.90185  
-0.429159  0.810792  1.98827  
-0.438639  0.833547  1.96924  
-0.448119  0.856303  1.89298  
-0.457599  0.879059  1.94694  
-0.46708  0.901814  2.00184  
-0.47656  0.92457  2.05059  
-0.48604  0.947325  2.09934  
-0.49552  0.970081  2.14809  
-0.505001  0.992836  2.19684  
-0.483195  1.01559  2.24559  
-0.46139  1.03306  2.29434  
-0.439585  1.02804  2.34309  
-0.41778  1.01049  2.39184  
-0.395975  0.997588  2.44059  
-0.37417  0.997638  2.48934  
-0.352365  1.00899  2.53809  
-0.33056  1.02599  2.58684  
-0.308755  1.04371  2.63559  
-0.28695  1.05945  2.68433  
-0.265145  1.07235  2.73308  
-0.24334  1.08259  2.78183  
-0.221535  1.09069  2.83058  
-0.19973  1.09721  2.87933  
-0.172131  1.10259  2.79887  
-0.144532  1.10475  2.71841  
-0.116934  1.09837  2.63795  
-0.0893349  1.07208  2.55749  
-0.0617362  1.0458  2.47703  
-0.0341375  1.01952  2.39658  
-0.00653875  0.993238  2.31612  
0.02106  0.966956  2.23566  
0.0486587  0.940674  2.24754  
0.0762574  0.914392  2.29209  
0.103856  0.88811  2.2973  
0.131455  0.861828  2.25591  
0.159054  0.835546  2.19253  
0.186652  0.809264  2.13095  
0.164391  0.782982  2.08414  
0.142131  0.756699  2.06913  
0.11987  0.730417  2.09027  
0.097609  0.704135  2.14063  
0.0753483  0.677853  2.20384  
0.0530875  0.651571  2.25833  
0.0308267  0.625289  2.2856  
0.00856587  0.599007  2.2771  
-0.0136949  0.572725  2.23586  
-0.0359557  0.546443  2.17465  
-0.0582165  0.564505  2.11151  
-0.0804773  0.582567  2.06701  
-0.102738  0.600628  2.05671  
-0.124999  0.61869  2.08792  
-0.14726  0.636752  2.15725  
-0.16952  0.654814  2.24582  
-0.191781  0.672876  2.3165  
-0.214042  0.690938  2.32997  
-0.236303  0.709  2.27368  
-0.258564  0.727062  2.21738  
-0.280824  0.745124  2.17417  
-0.303085  0.763186  2.18739  
-0.325346  0.781248  2.25691  
-0.347607  0.79931  2.31025  
-0.369868  0.817372  2.26597  
-0.392128  0.835434  2.19116  
-0.414389  0.853496  2.21946  
-0.423812  0.871558  2.24776  
-0.433234  0.88962  2.2902  
-0.442657  0.907681  2.23058  
-0.452079  0.925743  2.27326  
-0.461502  0.943805  2.27859  
-0.470924  0.961867  2.22895  
-0.480347  0.979929  2.17932  
-0.489769  0.997991  2.12968  
-0.499192  1.01605  2.08004  
-0.508614  1.03412  2.0304  
-0.518037  1.05218  1.98077  
-0.527459  1.07024  1.93113  
-0.536882  1.0883  1.88149  
-0.546304  1.10636  1.83186  
-0.555727  1.12442  1.78222  
-0.565149  1.14249  1.73258  
-0.574572  1.1447  1.68294  
-0.583994  1.12795  1.63331  
-0.593417  1.104  1.58367  
-0.602839  1.0871  1.53403  
-0.612262  1.08561  1.48439  
-0.621684  1.1008  1.43476  
-0.631107  1.11599  1.38512  
-0.640529  1.13119  1.33548  
-0.649952  1.15927  1.28584  
-0.659374  1.18736  1.35203  
-0.668797  1.21544  1.41822  
-0.678219  1.23753  1.48441  
-0.687642  1.23162  1.5506  
-0.697064  1.22571  1.61679  
-0.706487  1.21981  1.68298  
-0.715909  1.2139  1.74916  
-0.725332  1.20799  1.81535  
-0.734754  1.20209  1.88154  
-0.744176  1.19618  1.94773  
-0.753599  1.19027  2.01392  
-0.763021  1.18436  2.08011  
-0.772444  1.17846  2.14629  
-0.781866  1.17255  2.21248  
-0.791289  1.16664  2.27867  
-0.800711  1.16074  2.34486  
-0.776452  1.15483  2.41105  
-0.752192  1.17843  2.47724  
-0.727933  1.20202  2.54343  
-0.703673  1.22561  2.60961  
-0.679414  1.24921  2.6758  
-0.655154  1.2728  2.74199  
-0.630895  1.2964  2.80818  
-0.606635  1.31999  2.87437  
-0.582375  1.34345  2.94056  
-0.558116  1.36246  3.00674  
-0.533856  1.37621  3.07293  
-0.509597  1.38539  3.13912  
-0.485337  1.39101  3.06813  
-0.461078  1.38958  2.99714  
-0.436818  1.37534  2.92615  
-0.412559  1.3611  2.85516  
-0.388299  1.34686  2.78417  
-0.364039  1.33262  2.71318  
-0.33978  1.31838  2.64219  
-0.31552  1.30414  2.57119  
-0.291261  1.2899  2.50688  
-0.267001  1.27566  2.57573  
-0.242742  1.26142  2.59765  
-0.218482  1.24718  2.53005  
-0.194223  1.23294  2.45025  
-0.169963  1.2187  2.39688  
-0.145703  1.20446  2.36902  
-0.121444  1.19022  2.35598  
-0.0971843  1.17598  2.34668  
-0.0729248  1.16174  2.33214  
-0.0486652  1.1475  2.30642  
-0.0244057  1.13326  2.26697  
-0.0001461  1.11902  2.21442  
0.0241135  1.10478  2.15248  
0.0125387  1.09054  2.08766  
0.000963947  1.0763  2.03222  
-0.0106108  1.06206  1.99626  
-0.0221856  1.04782  1.92504  
-0.0337603  1.03358  1.85382  
-0.0453351  1.01934  1.76614  
-0.0569098  1.0051  1.67847  
-0.0684846  0.990857  1.59088  
-0.0800593  1.01564  1.50754  
-0.0916341  1.04042  1.43205  
-0.103209  1.06521  1.36551  
-0.114784  1.08999  1.30725  
-0.126358  1.11477  1.25551  
-0.154563  1.13956  1.2079  
-0.182767  1.16434  1.1621  
-0.210972  1.18913  1.11511  
-0.239177  1.21391  1.06284  
-0.267381  1.23869  0.999323  
-0.295586  1.26348  0.915272  
-0.32379  1.28826  0.831221  
-0.351995  1.31304  0.747169  
-0.380199  1.33783  0.663118  
-0.408404  1.36261  0.579067  
-0.436609  1.38739  0.495015  
-0.464813  1.41218  0.410964  
-0.493018  1.43973  0.326913  
-0.521222  1.46728  0.242861  
-0.549427  1.49469  0.15881  
-0.577631  1.52031  0.0747586  
-0.605836  1.54214  -0.0092927  
