0.14 10.17 0.29 10.09 -35.08 8.29 39.19 100 100 40 63.0 488 8.848 1.7696 27.68 5.536 -0.104 0.0208 6.41





Edit the parameters above in given order:
dipole X + std; dipole y + std; dipole z + std; total dipole; membrane X size; membrane Y size; membrane Z size; APL; agent mass; agent dipole X + std; agent dipole Y + std; agent dipole Z + std; logP.

PC	0.34 ± 11.29	−0.37 ± 11.39	1.65 ± 8.44	18.27 ± 2.32
PG	0.14 ± 10.17	0.29 ± 10.09	−35.08 ± 8.29	39.19 ± 4.69



Antimicrobial agents
AA5 464 -2.073 0.4146 -3.291 0.6582 -1.045 0.209 5.941
AC9 548 0.073 0.0146 -0.007 0.0014 -0.027 0.0054 7.954
AL3 710 14.201 2.8402 -7.915 1.583 -2.606 0.5212 3.111
BU1 596 -5.375 1.075 12.613 2.5226 2.724 0.5448 7.480
F6A 1152 4.146 0.8292 -2.825 0.565 4.169 0.8338 12.446
RI3 704 -12.443 2.4886 20.17 4.034 -0.738 0.1476 10.145
E3B 500 -4.546 0.9092 19.369 3.8738 -3.26 0.652 5.046
I6A 578 6.026 1.2052 0.033 0.0066 -1.716 0.3432 3.367
W8C 514 -0.074 0.0148 -0.085 0.017 9.47 1.894 5.074
T6B 1062 0.928 0.1856 1.149 0.2298 -8.099 1.6198 12.542
AD2 760 -1.6 0.32 8.425 1.685 6.848 1.3696 11.433
AC1 575 -1.895 0.379 0.757 0.1514 -3.06 0.612 2.979
PY4 1018 -0.74 0.148 2.941 0.5882 -0.436 0.0872 16.22
OL6 674 0.73 0.146 3.424 0.6848 24.24 4.848 13.473
GL2 798 -5.016 1.0032 -1.213 0.2426 0.025 0.005 8.726
M5B 571 -15.92 3.184 -11.213 2.2426 9.978 1.9956 10.479
SE1 770 -3.345 0.669 1.278 0.2556 2.114 0.4228 10.266
SA2 822 17.998 3.5996 -13.402 2.6804 15.274 3.0548 8.189
BF3 399 58.36 11.672 -5.858 1.1716 -4.086 0.8172 3.067
AZ7 539 -9.776 1.9552 11.68 2.336 6.738 1.3476 8.027
HQ2 908 1.812 0.3624 16.919 3.3838 12.663 2.5326 8.573
V2E 626 -2.344 0.4688 -2.764 0.5528 -0.725 0.145 8.674
V4B 536 13.304 2.6608 -39.305 7.861 12.119 2.4238 10.059
V4C 480 10.609 2.1218 -32.009 6.4018 10.033 2.0066 8.474
V4D 424 6.503 1.3006 -25.675 5.135 9.12 1.824 6.889
AC4 760.00 -4.91 0.98 0.06 0.01 -5.08 1.02 5.80
AC5 1272.00 43.40 8.68 8.11 1.62 -10.07 2.01 11.64
A7G 623.00 22.71 4.54 6.04 1.21 24.60 4.92 11.13
A0N 693.00 -0.27 0.05 0.11 0.02 24.05 4.81 13.11
AZ8 569.00 -0.22 0.04 0.10 0.02 -0.19 0.04 7.90
BU2 537.00 0.01 0.00 0.01 0.00 0.01 0.00 8.47
E3D 613.00 -9.10 1.82 37.18 7.44 -3.34 0.67 8.22
E3E 669.00 -11.23 2.25 47.35 9.47 -3.08 0.62 9.80
F0B 811.00 0.08 0.02 -0.07 0.01 3.65 0.73 13.56
F6C 1034.00 -0.13 0.03 0.06 0.01 -11.74 2.35 15.35
M3A 546.00 12.00 2.40 -12.27 2.45 -8.80 1.76 8.87
M8A 617.00 15.30 3.06 18.20 3.64 -0.58 0.12 10.91
M0A 645.00 -18.11 3.62 -3.41 0.68 4.66 0.93 12.85
I6C 691.00 8.44 1.69 -10.56 2.11 -5.28 1.06 6.54 
I0B 735.00 14.67 2.93 -6.68 1.34 -1.66 0.33 7.22
W2B 598.00 -0.02 0.00 0.33 0.07 9.64 1.93 7.45
Q4K 478.00 0.05 0.01 -0.13 0.03 -8.90 1.78 8.24 
Q6M 597.00 -0.08 0.02 0.09 0.02 -28.62 5.72 8.69 
Q6N 598.00 -19.20 3.84 7.31 1.46 -0.93 0.19 9.99 
SE2 769.00 1.10 0.22 0.16 0.03 -0.47 0.09 8.97 
A6G 608 0.001 0.00015 0.019 0.00285 0.004 0.0006 10.73
AC2 488 0.01 0.00 0.01 0.00 -0.01 0.00 6.405
BU3 480 0.01 0.0015 0.01 0.0015 0.01 0.0015 10.059
GL3 752 -2.60 -0.39 -13.86 -2.08 6.39 0.96 11.103
imo 525 -13.49 -2.02 4.03 0.6 2.24 0.34 7.66
hq1 865 12.21 1.83 -5.37 -0.81 8.61 1.29 8.841
oQS 498 -12.42 1.863 -13.869 2.08035 0.875 0.13125 7.78
PY3 962 -2.141 0.32115 -3.276 0.4914 0.856 0.1284 14.64
M6B 616 -0.55 -0.08 -0.39 -0.06 -2.58 -0.39 12.06 
T4F 754 -0.682 0.1364 0.531 0.1062 -0.529 0.1058 3.68 
SE3 770 -0.375 0.075 0.822 0.1644 -1.831 0.3662 10.27 
SA1 790 13.829 2.7658 -9.902 1.9804 12.174 2.4348 6.6 
RI1 530 -0.001 0.0002 -0.004 0.0008 0.001 0.0002 9.63 
Q4A 482 -0.002 0.0004 -0.001 0.0002 -0.001 0.0002 8.45
OL6 674 -4.439 0.8878 -0.079 0.0158 7.31 1.462 13.47 
M6B 616 -0.554 0.1108 -0.385 0.077 -2.577 0.5154 12.06
I4C 646 -21.075 4.215 0.555 0.111 -1.081 0.2162 6.7 
GU1 640 -5.307 1.0614 -0.769 0.1538 -1.927 0.3854 0.49 
F0A 738 0.021 0.0042 -0.011 0.0022 2.439 0.4878 12.68 
E2D 598 -0.007 0.0014 0.003 0.0006 -0.01 0.002 8.16 
BF1 371 30.348 6.0696 1.288 0.2576 3.631 0.7262 2.28
AZ5 511 -18.373 3.6746 6.982 1.3964 13.07 2.614 7.92 
AL2 766 -0.321 0.0642 -0.161 0.0322 13 2.6 4.7 
AD1 704 -0.613 0.1226 1.768 0.3536 5.198 1.0396 9.85 
AC2 488 8.848 1.7696 27.68 5.536 -0.104 0.0208 6.41


